# Hubbard Brook Experimental Forest, NH, daily precipitation for watersheds 5 and 6. Date
# is in format YYMMDD.  Precipitation is in mm.  

DATE	WS_5	WS_6
830501	4.8	4.4
830502	20.9	19.9
830503	7.5	7.7
830504	2.7	3.3
830505	1.7	4.4
830506	0	0
830507	0	0
830508	14.6	14.2
830509	14.7	13.4
830510	4	4.9
830511	1.8	1.2
830512	0	0
830513	0	0
830514	0.1	0
830515	9.8	10.1
830516	0.8	0.9
830517	0	0
830518	0	0
830519	3.1	3
830520	16.8	16.5
830521	0.3	0.3
830522	0.9	0.5
830523	19.4	19.8
830524	3.1	3.3
830525	0.1	0.3
830526	5.2	5.1
830527	16.8	18.2
830528	0.6	1.1
830529	16.7	15.8
830530	21.6	21.9
830531	8.7	9.1
830601	1	0.8
830602	0.4	0
830603	0	0
830604	15.9	16.9
830605	0	0
830606	1.8	1.4
830607	1.2	1.1
830608	0	0
830609	0	0
830610	0	0
830611	0	0
830612	0	0
830613	0	0
830614	0.8	0.6
830615	1.5	1.2
830616	0	0
830617	0	0
830618	1.5	1.5
830619	0.5	0.9
830620	0	0
830621	0	0
830622	0	0
830623	0	0
830624	0	0
830625	8.1	7.8
830626	0	0
830627	1.8	2
830628	0	0
830629	0	0
830630	0	0
840501	0	0
840502	0	0
840503	0.2	0
840504	30.4	31.1
840505	1	1.1
840506	0.2	0.6
840507	0.1	0
840508	23.2	23.3
840509	2.4	3.1
840510	0	0
840511	6.7	6
840512	36.3	36.7
840513	2.2	3.1
840514	14.7	14.4
840515	0.1	0.3
840516	0.2	0.6
840517	0	0
840518	0	0
840519	10.3	10.1
840520	0.3	0
840521	0.2	0.6
840522	0	0
840523	18	16.7
840524	0	0
840525	0	0
840526	5.4	4.3
840527	0	0
840528	9.1	8.6
840529	74.2	85.9
840530	54.9	50
840531	18.5	17.1
840601	0.9	0.7
840602	9.3	9
840603	0	0
840604	0	0
840605	0	0
840606	14.9	17.8
840607	19.1	16.1
840608	0	0
840609	0	0
840610	0	0
840611	0	0
840612	0	0
840613	0	0
840614	19.5	19.9
840615	0	0
840616	0	0
840617	0	0
840618	7.2	7
840619	1.9	1.7
840620	0	0
840621	0	0
840622	0	0
840623	0	0
840624	14.6	16.4
840625	72.8	70.7
840626	1.1	1
840627	0	0
840628	0	0
840629	21.2	18.8
840630	0	0
850501	0	0
850502	0	0
850503	0	0
850504	0.8	0.5
850505	16.1	16.7
850506	16.3	15.1
850507	5.7	6.6
850508	0.5	0.3
850509	0	0
850510	0	0
850511	0	0
850512	4.7	5.2
850513	1	1.4
850514	0	0
850515	0	0
850516	0.5	0.8
850517	7.1	7.6
850518	29.7	28.6
850519	0.1	0.3
850520	0.4	0.3
850521	1	0.9
850522	0	0
850523	0	0
850524	0	0
850525	0	0
850526	4.8	4.8
850527	12.9	13.1
850528	0.1	0
850529	0	0
850530	0	0
850531	4.6	4.1
850601	0.6	0.7
850602	0	0
850603	0	0
850604	0	0
850605	3.8	3.3
850606	14.1	15.1
850607	0	0
850608	0.6	0.6
850609	1.7	1.1
850610	0.6	0.8
850611	0.2	0
850612	11.3	10.8
850613	7.5	7.2
850614	3.3	3.9
850615	0	0
850616	3.5	3
850617	0.8	1.7
850618	6.3	6.9
850619	0.6	0.8
850620	1.4	0
850621	1.3	1.9
850622	0.3	0
850623	3.1	2.7
850624	24.3	25
850625	2	1.9
850626	0.7	1.1
850627	2.2	1.9
850628	31.4	32
850629	5.3	6.1
850630	0.4	0.5
860501	2.5	2.3
860502	0	0
860503	0	0
860504	0	0
860505	4.4	4.9
860506	0.6	0.3
860507	5.5	5.7
860508	5.9	6
860509	0.1	0
860510	0	0
860511	0	0
860512	0	0
860513	0	0
860514	0	0
860515	0	0
860516	3.4	2.7
860517	0.7	1.2
860518	0.1	0.3
860519	0	0
860520	15.1	14.9
860521	37.7	36.7
860522	1.1	1
860523	33.6	36.7
860524	15.9	15.7
860525	1	1
860526	0.2	0.3
860527	0	0
860528	0	0
860529	2.7	2.9
860530	0.2	0.3
860531	0	0
860601	11.9	11.4
860602	2.1	2.6
860603	0	0
860604	0	0
860605	1.5	0.9
860606	0.2	0.6
860607	3	3.2
860608	2.8	2.9
860609	0	0
860610	0	0
860611	10.3	11.2
860612	16.7	16.1
860613	5.3	5.7
860614	0.3	0
860615	0	0
860616	16.3	15.2
860617	2.6	2.8
860618	0	0
860619	0.6	1.1
860620	2.6	2.5
860621	0	0
860622	0	0
860623	2.5	3
860624	5.6	5.5
860625	0	0
860626	0	0
860627	1.4	1.4
860628	0	0
860629	2.4	2.6
860630	0	0
870501	0.5	0.5
870502	0	0
870503	0	0
870504	0	0
870505	13.3	14.5
870506	6.7	5.7
870507	0.5	0
870508	0	0
870509	0	0
870510	0	0
870511	0	0
870512	1.7	1.5
870513	0	0
870514	0	0
870515	4.5	4.6
870516	0	0
870517	0	0
870518	0	0
870519	0	0
870520	0	0
870521	0	0
870522	2.6	2.7
870523	8.4	7.6
870524	7.1	7.3
870525	0.3	0.3
870526	0	0
870527	0.2	0.3
870528	9.8	13.7
870529	19.1	16.8
870530	0.6	1.1
870531	14.5	14.8
870601	4.3	4.4
870602	8.9	11
870603	0.9	1.4
870604	24.4	25.5
870605	0.5	0.3
870606	0	0
870607	0	0
870608	22.1	24.1
870609	0.8	1.1
870610	0	0
870611	0	0
870612	7.4	7.7
870613	2.9	1.6
870614	0	0
870615	0	0
870616	6.4	6.6
870617	0	0
870618	0	0
870619	0	0
870620	0	0
870621	0	0
870622	25.5	27
870623	28	26.2
870624	0	0
870625	0.2	0
870626	0.5	0.3
870627	62.3	63.6
870628	2.3	2.3
870629	0.2	0.5
870630	0	0
880501	1.7	2.9
880502	1.7	1.2
880503	0	0
880504	0	0
880505	0	0
880506	11.6	14.7
880507	0	0
880508	0	0
880509	0	0
880510	3.1	3.1
880511	8.9	9.2
880512	0	0
880513	8.3	8
880514	0	0
880515	0	0
880516	2	2.1
880517	3.3	2.8
880518	11.4	11.1
880519	2.7	3.7
880520	1.1	1.2
880521	0.5	0.6
880522	0.3	0
880523	0	0
880524	0.3	0
880525	32.6	32.6
880526	0.6	1.1
880527	0	0
880528	0	0
880529	0	0
880530	6.3	6.2
880531	0.2	0.5
880601	0	0
880602	0	0
880603	0	0
880604	0	0
880605	3.3	3.5
880606	0	0
880607	0	0
880608	0	0
880609	0	0
880610	0	0
880611	0	0
880612	0	0
880613	0	0
880614	0	0
880615	0	0
880616	3.7	3
880617	3.8	4.5
880618	0	0
880619	0	0
880620	0	0
880621	0	0
880622	10.2	9.2
880623	3.1	3.8
880624	0	0
880625	26.9	27
880626	0.8	1.1
880627	0	0
880628	4.5	4.3
880629	0.9	1.2
880630	10.2	10.4
890501	5.3	4.8
890502	49.9	50.7
890503	4.1	4.5
890504	0.2	0
890505	8.3	8.5
890506	47.6	51
890507	3.2	4
890508	0.2	0.3
890509	0	0
890510	2.6	2.4
890511	24	24.9
890512	13.5	13.1
890513	0.4	0.5
890514	0	0
890515	0	0
890516	0	0
890517	0	0
890518	0	0
890519	0	0
890520	0	0
890521	0.6	0.7
890522	1	0.8
890523	0	0
890524	7.2	7.1
890525	0.2	0.5
890526	23.2	22.4
890527	2.5	3
890528	1.2	1.9
890529	0	0
890530	2	1.9
890531	7.1	6.3
890601	1.9	2.5
890602	3.6	4.4
890603	0	0
890604	9.7	9.5
890605	0	0
890606	15.9	16.2
890607	2.6	2.7
890608	12.3	12.7
890609	9.8	10.1
890610	29.2	29.4
890611	2.7	2.9
890612	0	0
890613	1.6	1.7
890614	0.4	0.3
890615	26.2	26.3
890616	8.1	8.9
890617	1.8	2.8
890618	7.8	6.9
890619	0	0
890620	0	0
890621	0	0
890622	0	0
890623	9.8	10.6
890624	0	0
890625	0	0
890626	0	0
890627	0	0
890628	13.6	13.3
890629	0	0
890630	0	0
900501	1.8	1.7
900502	0	0
900503	0	0
900504	3	2.3
900505	11.8	13.4
900506	0.3	0.3
900507	5.1	4.4
900508	1.8	1.3
900509	0	0
900510	40.9	43.1
900511	6.2	6.2
900512	0	0
900513	49.2	48.6
900514	0.5	0.3
900515	1	1.1
900516	1.8	1.1
900517	14.3	15.6
900518	2.3	3.1
900519	1.6	2.3
900520	4.3	3.4
900521	4.9	4.3
900522	0	0
900523	0	0
900524	0	0
900525	0	0
900526	0	0
900527	0	0
900528	0	0
900529	4.8	3.5
900530	7.3	8.1
900531	0	0
900601	0	0
900602	0	0
900603	10.1	10.1
900604	0.6	1.2
900605	0	0
900606	1.5	1.4
900607	3.1	2.5
900608	1.2	0.6
900609	25.3	24
900610	21.1	21.7
900611	7.1	8.1
900612	0	0
900613	0	0
900614	0	0
900615	0	0
900616	0	0
900617	0	0
900618	0	0
900619	49.7	49.5
900620	1.6	1.5
900621	10.5	11.4
900622	1.9	1.3
900623	33.1	31.5
900624	0.6	0.3
900625	1	1.1
900626	0	0
900627	0	0
900628	0	0
900629	35.6	35
900630	0.6	0.8
910501	5.8	5.9
910502	2.5	3
910503	0	0
910504	0	0
910505	0	0
910506	28.4	28.3
910507	0.6	0.8
910508	0	0
910509	0	0
910510	0	0
910511	0	0
910512	0	0
910513	0	0
910514	0	0
910515	0	0
910516	0	0
910517	12.3	11.7
910518	1.7	2
910519	0	0
910520	0	0
910521	0	0
910522	0	0
910523	0	0
910524	0	0
910525	2	1.6
910526	5.5	5.2
910527	10.5	11.2
910528	0	0
910529	0	0
910530	5.8	5.6
910531	16.7	16.8
910601	0.4	0.5
910602	0	0
910603	0	0
910604	1.2	0.9
910605	1.6	2.3
910606	0	0
910607	0	0
910608	0	0
910609	0	0
910610	0	0
910611	5.6	5.1
910612	5.9	6.2
910613	0.3	0.8
910614	0	0
910615	13	12.4
910616	17.4	18
910617	2	1.9
910618	0	0
910619	0	0
910620	0	0
910621	0	0
910622	0	0
910623	0	0
910624	0	0
910625	0	0
910626	0	0
910627	0	0
910628	0.3	0
910629	1.4	2.2
910630	1.4	1.4
920501	1.1	0.3
920502	15.3	14.6
920503	3.3	5.2
920504	0	0
920505	0	0
920506	0	0
920507	0	0
920508	0	0
920509	0	0
920510	8.7	8.3
920511	0	0
920512	0	0
920513	0.6	1.2
920514	2.1	2.1
920515	0	0
920516	3.1	2.5
920517	0	0
920518	0	0
920519	0	0
920520	0	0
920521	0	0
920522	0	0
920523	0	0
920524	2.6	2.6
920525	0	0
920526	0	0
920527	5.1	5.1
920528	0	0
920529	0	0
920530	0	0
920531	20.4	19.8
920601	13.9	14.4
920602	0	0
920603	0	0
920604	0	0
920605	1.3	1.4
920606	23.8	23.9
920607	0	0
920608	1.1	1.1
920609	0.5	0.6
920610	0	0
920611	0	0
920612	0	0
920613	0	0
920614	0	0
920615	0	0
920616	0	0
920617	0	0
920618	0	0
920619	0.4	1.1
920620	7.1	6.6
920621	7.3	5.7
920622	0	0
920623	0	0
920624	10.9	11.2
920625	0.7	0.3
920626	0	0
920627	6.6	6.4
920628	0	0
920629	0	0
920630	1.9	2.1
930501	0	0
930502	0	0
930503	0	0
930504	0	0
930505	8.1	8.1
930506	1.3	1.4
930507	0	0
930508	0	0
930509	0	0
930510	0	0
930511	3.8	3.3
930512	6.7	6.9
930513	2.1	1.9
930514	0	0
930515	6.4	6.7
930516	1.5	1.7
930517	0	0
930518	0	0
930519	1	1.1
930520	2.3	2.2
930521	0	0
930522	3.6	3
930523	0	0
930524	5.2	5.6
930525	4.4	4.3
930526	0	0
930527	4.9	5.1
930528	0.8	1.1
930529	0.8	0.5
930530	0	0
930531	15.2	15.4
930601	19.9	19.7
930602	0	0
930603	0	0
930604	0	0
930605	9.8	9.3
930606	8.7	9.9
930607	0	0
930608	0	0
930609	1.7	1.7
930610	2.3	2.3
930611	0	0
930612	0	0
930613	0	0
930614	0	0
930615	17.5	18.3
930616	0	0
930617	0	0
930618	0	0
930619	0.3	0.8
930620	7.8	7.5
930621	6.6	6.4
930622	7.7	8.6
930623	0	0
930624	0	0
930625	0	0
930626	6.1	5.8
930627	0	0
930628	4.2	3.9
930629	0	0
930630	0	0
940501	14.8	14.9
940502	1	1.1
940503	0	0
940504	0	0
940505	2	1.9
940506	2.6	2.5
940507	0	0
940508	16.3	16.8
940509	1.4	1.6
940510	0	0
940511	1.9	1.3
940512	16.1	15.9
940513	0	0
940514	0	0
940515	0.2	0
940516	15.5	15.9
940517	2.1	2.1
940518	0	0
940519	0	0
940520	0	0
940521	0	0
940522	0	0
940523	0	0
940524	0.8	0.8
940525	10.4	10.2
940526	14.2	14.1
940527	0	0
940528	0	0
940529	0	0
940530	0	0
940531	0	0
940601	1.5	1.5
940602	2.4	2.1
940603	0	0
940604	0	0
940605	1.2	1.5
940606	1.8	1.6
940607	0	0
940608	0	0
940609	0	0
940610	0	0
940611	0	0
940612	30.1	29.8
940613	4.3	4.2
940614	17.1	16.7
940615	0	0
940616	0	0
940617	0	0
940618	8.1	8.4
940619	0	0
940620	0	0
940621	5.7	5.7
940622	1.2	0.9
940623	0.1	0
940624	0	0
940625	22.4	21.7
940626	0.5	0.3
940627	3.4	3
940628	8.9	9.3
940629	0.8	0.7
940630	0	0
950501	0	0
950502	0	0
950503	0	0
950504	0	0
950505	0	0
950506	0	0
950507	0	0
950508	0	0
950509	0	0
950510	0.1	0
950511	12.6	12.2
950512	0.9	1.1
950513	0	0
950514	7.7	7.9
950515	24.4	25.3
950516	0.9	0.3
950517	10.6	10.3
950518	0.2	0
950519	0.3	0.3
950520	0	0
950521	8.4	8.2
950522	0	0
950523	0	0
950524	5.2	5.7
950525	0	0
950526	0	0
950527	0.7	0.5
950528	0.8	1.1
950529	25.4	24
950530	0	0
950531	0	0
950601	0	0
950602	2.2	2.1
950603	3.3	3
950604	6.6	7
950605	0	0
950606	0	0
950607	0.7	1.4
950608	0.8	0.6
950609	0	0
950610	0	0
950611	9.6	9.4
950612	11.4	11.6
950613	0	0
950614	4.4	4.2
950615	7	6.6
950616	0	0
950617	0	0
950618	0	0
950619	0	0
950620	0	0
950621	0	0
950622	0	0
950623	0	0
950624	0	0
950625	0	0
950626	0	0
950627	0	0
950628	0	0
950629	0	0
950630	0	0
